[0.00000000e+00 8.07754443e+01 1.61550889e+02 2.42326333e+02
 3.23101777e+02 4.03877221e+02 4.84652666e+02 5.65428110e+02
 6.46203554e+02 7.26978998e+02 8.07754443e+02 8.88529887e+02
 9.69305331e+02 1.05008078e+03 1.13085622e+03 1.21163166e+03
 1.29240711e+03 1.37318255e+03 1.45395800e+03 1.53473344e+03
 1.61550889e+03 1.69628433e+03 1.77705977e+03 1.85783522e+03
 1.93861066e+03 2.01938611e+03 2.10016155e+03 2.18093700e+03
 2.26171244e+03 2.34248788e+03 2.42326333e+03 2.50403877e+03
 2.58481422e+03 2.66558966e+03 2.74636511e+03 2.82714055e+03
 2.90791599e+03 2.98869144e+03 3.06946688e+03 3.15024233e+03
 3.23101777e+03 3.31179321e+03 3.39256866e+03 3.47334410e+03
 3.55411955e+03 3.63489499e+03 3.71567044e+03 3.79644588e+03
 3.87722132e+03 3.95799677e+03 4.03877221e+03 4.11954766e+03
 4.20032310e+03 4.28109855e+03 4.36187399e+03 4.44264943e+03
 4.52342488e+03 4.60420032e+03 4.68497577e+03 4.76575121e+03
 4.84652666e+03 4.92730210e+03 5.00807754e+03 5.08885299e+03
 5.16962843e+03 5.25040388e+03 5.33117932e+03 5.41195477e+03
 5.49273021e+03 5.57350565e+03 5.65428110e+03 5.73505654e+03
 5.81583199e+03 5.89660743e+03 5.97738288e+03 6.05815832e+03
 6.13893376e+03 6.21970921e+03 6.30048465e+03 6.38126010e+03
 6.46203554e+03 6.54281099e+03 6.62358643e+03 6.70436187e+03
 6.78513732e+03 6.86591276e+03 6.94668821e+03 7.02746365e+03
 7.10823910e+03 7.18901454e+03 7.26978998e+03 7.35056543e+03
 7.43134087e+03 7.51211632e+03 7.59289176e+03 7.67366721e+03
 7.75444265e+03 7.83521809e+03 7.91599354e+03 7.99676898e+03
 8.07754443e+03 8.15831987e+03 8.23909532e+03 8.31987076e+03
 8.40064620e+03 8.48142165e+03 8.56219709e+03 8.64297254e+03
 8.72374798e+03 8.80452342e+03 8.88529887e+03 8.96607431e+03
 9.04684976e+03 9.12762520e+03 9.20840065e+03 9.28917609e+03
 9.36995153e+03 9.45072698e+03 9.53150242e+03 9.61227787e+03
 9.69305331e+03 9.77382876e+03 9.85460420e+03 9.93537964e+03
 1.00161551e+04 1.00969305e+04 1.01777060e+04 1.02584814e+04
 1.03392569e+04 1.04200323e+04 1.05008078e+04 1.05815832e+04
 1.06623586e+04 1.07431341e+04 1.08239095e+04 1.09046850e+04
 1.09854604e+04 1.10662359e+04 1.11470113e+04 1.12277868e+04
 1.13085622e+04 1.13893376e+04 1.14701131e+04 1.15508885e+04
 1.16316640e+04 1.17124394e+04 1.17932149e+04 1.18739903e+04
 1.19547658e+04 1.20355412e+04 1.21163166e+04 1.21970921e+04
 1.22778675e+04 1.23586430e+04 1.24394184e+04 1.25201939e+04
 1.26009693e+04 1.26817447e+04 1.27625202e+04 1.28432956e+04
 1.29240711e+04 1.30048465e+04 1.30856220e+04 1.31663974e+04
 1.32471729e+04 1.33279483e+04 1.34087237e+04 1.34894992e+04
 1.35702746e+04 1.36510501e+04 1.37318255e+04 1.38126010e+04
 1.38933764e+04 1.39741519e+04 1.40549273e+04 1.41357027e+04
 1.42164782e+04 1.42972536e+04 1.43780291e+04 1.44588045e+04
 1.45395800e+04 1.46203554e+04 1.47011309e+04 1.47819063e+04
 1.48626817e+04 1.49434572e+04 1.50242326e+04 1.51050081e+04
 1.51857835e+04 1.52665590e+04 1.53473344e+04 1.54281099e+04
 1.55088853e+04 1.55896607e+04 1.56704362e+04 1.57512116e+04
 1.58319871e+04 1.59127625e+04 1.59935380e+04 1.60743134e+04
 1.61550889e+04 1.62358643e+04 1.63166397e+04 1.63974152e+04
 1.64781906e+04 1.65589661e+04 1.66397415e+04 1.67205170e+04
 1.68012924e+04 1.68820679e+04 1.69628433e+04 1.70436187e+04
 1.71243942e+04 1.72051696e+04 1.72859451e+04 1.73667205e+04
 1.74474960e+04 1.75282714e+04 1.76090468e+04 1.76898223e+04
 1.77705977e+04 1.78513732e+04 1.79321486e+04 1.80129241e+04
 1.80936995e+04 1.81744750e+04 1.82552504e+04 1.83360258e+04
 1.84168013e+04 1.84975767e+04 1.85783522e+04 1.86591276e+04
 1.87399031e+04 1.88206785e+04 1.89014540e+04 1.89822294e+04
 1.90630048e+04 1.91437803e+04 1.92245557e+04 1.93053312e+04
 1.93861066e+04 1.94668821e+04 1.95476575e+04 1.96284330e+04
 1.97092084e+04 1.97899838e+04 1.98707593e+04 1.99515347e+04
 2.00323102e+04 2.01130856e+04 2.01938611e+04 2.02746365e+04
 2.03554120e+04 2.04361874e+04 2.05169628e+04 2.05977383e+04
 2.06785137e+04 2.07592892e+04 2.08400646e+04 2.09208401e+04
 2.10016155e+04 2.10823910e+04 2.11631664e+04 2.12439418e+04
 2.13247173e+04 2.14054927e+04 2.14862682e+04 2.15670436e+04
 2.16478191e+04 2.17285945e+04 2.18093700e+04 2.18901454e+04
 2.19709208e+04 2.20516963e+04 2.21324717e+04 2.22132472e+04
 2.22940226e+04 2.23747981e+04 2.24555735e+04 2.25363489e+04
 2.26171244e+04 2.26978998e+04 2.27786753e+04 2.28594507e+04
 2.29402262e+04 2.30210016e+04 2.31017771e+04 2.31825525e+04
 2.32633279e+04 2.33441034e+04 2.34248788e+04 2.35056543e+04
 2.35864297e+04 2.36672052e+04 2.37479806e+04 2.38287561e+04
 2.39095315e+04 2.39903069e+04 2.40710824e+04 2.41518578e+04
 2.42326333e+04 2.43134087e+04 2.43941842e+04 2.44749596e+04
 2.45557351e+04 2.46365105e+04 2.47172859e+04 2.47980614e+04
 2.48788368e+04 2.49596123e+04 2.50403877e+04 2.51211632e+04
 2.52019386e+04 2.52827141e+04 2.53634895e+04 2.54442649e+04
 2.55250404e+04 2.56058158e+04 2.56865913e+04 2.57673667e+04
 2.58481422e+04 2.59289176e+04 2.60096931e+04 2.60904685e+04
 2.61712439e+04 2.62520194e+04 2.63327948e+04 2.64135703e+04
 2.64943457e+04 2.65751212e+04 2.66558966e+04 2.67366721e+04
 2.68174475e+04 2.68982229e+04 2.69789984e+04 2.70597738e+04
 2.71405493e+04 2.72213247e+04 2.73021002e+04 2.73828756e+04
 2.74636511e+04 2.75444265e+04 2.76252019e+04 2.77059774e+04
 2.77867528e+04 2.78675283e+04 2.79483037e+04 2.80290792e+04
 2.81098546e+04 2.81906300e+04 2.82714055e+04 2.83521809e+04
 2.84329564e+04 2.85137318e+04 2.85945073e+04 2.86752827e+04
 2.87560582e+04 2.88368336e+04 2.89176090e+04 2.89983845e+04
 2.90791599e+04 2.91599354e+04 2.92407108e+04 2.93214863e+04
 2.94022617e+04 2.94830372e+04 2.95638126e+04 2.96445880e+04
 2.97253635e+04 2.98061389e+04 2.98869144e+04 2.99676898e+04
 3.00484653e+04 3.01292407e+04 3.02100162e+04 3.02907916e+04
 3.03715670e+04 3.04523425e+04 3.05331179e+04 3.06138934e+04
 3.06946688e+04 3.07754443e+04 3.08562197e+04 3.09369952e+04
 3.10177706e+04 3.10985460e+04 3.11793215e+04 3.12600969e+04
 3.13408724e+04 3.14216478e+04 3.15024233e+04 3.15831987e+04
 3.16639742e+04 3.17447496e+04 3.18255250e+04 3.19063005e+04
 3.19870759e+04 3.20678514e+04 3.21486268e+04 3.22294023e+04
 3.23101777e+04 3.23909532e+04 3.24717286e+04 3.25525040e+04
 3.26332795e+04 3.27140549e+04 3.27948304e+04 3.28756058e+04
 3.29563813e+04 3.30371567e+04 3.31179321e+04 3.31987076e+04
 3.32794830e+04 3.33602585e+04 3.34410339e+04 3.35218094e+04
 3.36025848e+04 3.36833603e+04 3.37641357e+04 3.38449111e+04
 3.39256866e+04 3.40064620e+04 3.40872375e+04 3.41680129e+04
 3.42487884e+04 3.43295638e+04 3.44103393e+04 3.44911147e+04
 3.45718901e+04 3.46526656e+04 3.47334410e+04 3.48142165e+04
 3.48949919e+04 3.49757674e+04 3.50565428e+04 3.51373183e+04
 3.52180937e+04 3.52988691e+04 3.53796446e+04 3.54604200e+04
 3.55411955e+04 3.56219709e+04 3.57027464e+04 3.57835218e+04
 3.58642973e+04 3.59450727e+04 3.60258481e+04 3.61066236e+04
 3.61873990e+04 3.62681745e+04 3.63489499e+04 3.64297254e+04
 3.65105008e+04 3.65912763e+04 3.66720517e+04 3.67528271e+04
 3.68336026e+04 3.69143780e+04 3.69951535e+04 3.70759289e+04
 3.71567044e+04 3.72374798e+04 3.73182553e+04 3.73990307e+04
 3.74798061e+04 3.75605816e+04 3.76413570e+04 3.77221325e+04
 3.78029079e+04 3.78836834e+04 3.79644588e+04 3.80452342e+04
 3.81260097e+04 3.82067851e+04 3.82875606e+04 3.83683360e+04
 3.84491115e+04 3.85298869e+04 3.86106624e+04 3.86914378e+04
 3.87722132e+04 3.88529887e+04 3.89337641e+04 3.90145396e+04
 3.90953150e+04 3.91760905e+04 3.92568659e+04 3.93376414e+04
 3.94184168e+04 3.94991922e+04 3.95799677e+04 3.96607431e+04
 3.97415186e+04 3.98222940e+04 3.99030695e+04 3.99838449e+04
 4.00646204e+04 4.01453958e+04 4.02261712e+04 4.03069467e+04
 4.03877221e+04 4.04684976e+04 4.05492730e+04 4.06300485e+04
 4.07108239e+04 4.07915994e+04 4.08723748e+04 4.09531502e+04
 4.10339257e+04 4.11147011e+04 4.11954766e+04 4.12762520e+04
 4.13570275e+04 4.14378029e+04 4.15185784e+04 4.15993538e+04
 4.16801292e+04 4.17609047e+04 4.18416801e+04 4.19224556e+04
 4.20032310e+04 4.20840065e+04 4.21647819e+04 4.22455574e+04
 4.23263328e+04 4.24071082e+04 4.24878837e+04 4.25686591e+04
 4.26494346e+04 4.27302100e+04 4.28109855e+04 4.28917609e+04
 4.29725363e+04 4.30533118e+04 4.31340872e+04 4.32148627e+04
 4.32956381e+04 4.33764136e+04 4.34571890e+04 4.35379645e+04
 4.36187399e+04 4.36995153e+04 4.37802908e+04 4.38610662e+04
 4.39418417e+04 4.40226171e+04 4.41033926e+04 4.41841680e+04
 4.42649435e+04 4.43457189e+04 4.44264943e+04 4.45072698e+04
 4.45880452e+04 4.46688207e+04 4.47495961e+04 4.48303716e+04
 4.49111470e+04 4.49919225e+04 4.50726979e+04 4.51534733e+04
 4.52342488e+04 4.53150242e+04 4.53957997e+04 4.54765751e+04
 4.55573506e+04 4.56381260e+04 4.57189015e+04 4.57996769e+04
 4.58804523e+04 4.59612278e+04 4.60420032e+04 4.61227787e+04
 4.62035541e+04 4.62843296e+04 4.63651050e+04 4.64458805e+04
 4.65266559e+04 4.66074313e+04 4.66882068e+04 4.67689822e+04
 4.68497577e+04 4.69305331e+04 4.70113086e+04 4.70920840e+04
 4.71728595e+04 4.72536349e+04 4.73344103e+04 4.74151858e+04
 4.74959612e+04 4.75767367e+04 4.76575121e+04 4.77382876e+04
 4.78190630e+04 4.78998384e+04 4.79806139e+04 4.80613893e+04
 4.81421648e+04 4.82229402e+04 4.83037157e+04 4.83844911e+04
 4.84652666e+04 4.85460420e+04 4.86268174e+04 4.87075929e+04
 4.87883683e+04 4.88691438e+04 4.89499192e+04 4.90306947e+04
 4.91114701e+04 4.91922456e+04 4.92730210e+04 4.93537964e+04
 4.94345719e+04 4.95153473e+04 4.95961228e+04 4.96768982e+04
 4.97576737e+04 4.98384491e+04 4.99192246e+04 5.00000000e+04
 5.00807754e+04 5.01615509e+04 5.02423263e+04 5.03231018e+04
 5.04038772e+04 5.04846527e+04 5.05654281e+04 5.06462036e+04
 5.07269790e+04 5.08077544e+04 5.08885299e+04 5.09693053e+04
 5.10500808e+04 5.11308562e+04 5.12116317e+04 5.12924071e+04
 5.13731826e+04 5.14539580e+04 5.15347334e+04 5.16155089e+04
 5.16962843e+04 5.17770598e+04 5.18578352e+04 5.19386107e+04
 5.20193861e+04 5.21001616e+04 5.21809370e+04 5.22617124e+04
 5.23424879e+04 5.24232633e+04 5.25040388e+04 5.25848142e+04
 5.26655897e+04 5.27463651e+04 5.28271405e+04 5.29079160e+04
 5.29886914e+04 5.30694669e+04 5.31502423e+04 5.32310178e+04
 5.33117932e+04 5.33925687e+04 5.34733441e+04 5.35541195e+04
 5.36348950e+04 5.37156704e+04 5.37964459e+04 5.38772213e+04
 5.39579968e+04 5.40387722e+04 5.41195477e+04 5.42003231e+04
 5.42810985e+04 5.43618740e+04 5.44426494e+04 5.45234249e+04
 5.46042003e+04 5.46849758e+04 5.47657512e+04 5.48465267e+04
 5.49273021e+04 5.50080775e+04 5.50888530e+04 5.51696284e+04
 5.52504039e+04 5.53311793e+04 5.54119548e+04 5.54927302e+04
 5.55735057e+04 5.56542811e+04 5.57350565e+04 5.58158320e+04
 5.58966074e+04 5.59773829e+04 5.60581583e+04 5.61389338e+04
 5.62197092e+04 5.63004847e+04 5.63812601e+04 5.64620355e+04
 5.65428110e+04 5.66235864e+04 5.67043619e+04 5.67851373e+04
 5.68659128e+04 5.69466882e+04 5.70274637e+04 5.71082391e+04
 5.71890145e+04 5.72697900e+04 5.73505654e+04 5.74313409e+04
 5.75121163e+04 5.75928918e+04 5.76736672e+04 5.77544426e+04
 5.78352181e+04 5.79159935e+04 5.79967690e+04 5.80775444e+04
 5.81583199e+04 5.82390953e+04 5.83198708e+04 5.84006462e+04
 5.84814216e+04 5.85621971e+04 5.86429725e+04 5.87237480e+04
 5.88045234e+04 5.88852989e+04 5.89660743e+04 5.90468498e+04
 5.91276252e+04 5.92084006e+04 5.92891761e+04 5.93699515e+04
 5.94507270e+04 5.95315024e+04 5.96122779e+04 5.96930533e+04
 5.97738288e+04 5.98546042e+04 5.99353796e+04 6.00161551e+04
 6.00969305e+04 6.01777060e+04 6.02584814e+04 6.03392569e+04
 6.04200323e+04 6.05008078e+04 6.05815832e+04 6.06623586e+04
 6.07431341e+04 6.08239095e+04 6.09046850e+04 6.09854604e+04
 6.10662359e+04 6.11470113e+04 6.12277868e+04 6.13085622e+04
 6.13893376e+04 6.14701131e+04 6.15508885e+04 6.16316640e+04
 6.17124394e+04 6.17932149e+04 6.18739903e+04 6.19547658e+04
 6.20355412e+04 6.21163166e+04 6.21970921e+04 6.22778675e+04
 6.23586430e+04 6.24394184e+04 6.25201939e+04 6.26009693e+04
 6.26817447e+04 6.27625202e+04 6.28432956e+04 6.29240711e+04
 6.30048465e+04 6.30856220e+04 6.31663974e+04 6.32471729e+04
 6.33279483e+04 6.34087237e+04 6.34894992e+04 6.35702746e+04
 6.36510501e+04 6.37318255e+04 6.38126010e+04 6.38933764e+04
 6.39741519e+04 6.40549273e+04 6.41357027e+04 6.42164782e+04
 6.42972536e+04 6.43780291e+04 6.44588045e+04 6.45395800e+04
 6.46203554e+04 6.47011309e+04 6.47819063e+04 6.48626817e+04
 6.49434572e+04 6.50242326e+04 6.51050081e+04 6.51857835e+04
 6.52665590e+04 6.53473344e+04 6.54281099e+04 6.55088853e+04
 6.55896607e+04 6.56704362e+04 6.57512116e+04 6.58319871e+04
 6.59127625e+04 6.59935380e+04 6.60743134e+04 6.61550889e+04
 6.62358643e+04 6.63166397e+04 6.63974152e+04 6.64781906e+04
 6.65589661e+04 6.66397415e+04 6.67205170e+04 6.68012924e+04
 6.68820679e+04 6.69628433e+04 6.70436187e+04 6.71243942e+04
 6.72051696e+04 6.72859451e+04 6.73667205e+04 6.74474960e+04
 6.75282714e+04 6.76090468e+04 6.76898223e+04 6.77705977e+04
 6.78513732e+04 6.79321486e+04 6.80129241e+04 6.80936995e+04
 6.81744750e+04 6.82552504e+04 6.83360258e+04 6.84168013e+04
 6.84975767e+04 6.85783522e+04 6.86591276e+04 6.87399031e+04
 6.88206785e+04 6.89014540e+04 6.89822294e+04 6.90630048e+04
 6.91437803e+04 6.92245557e+04 6.93053312e+04 6.93861066e+04
 6.94668821e+04 6.95476575e+04 6.96284330e+04 6.97092084e+04
 6.97899838e+04 6.98707593e+04 6.99515347e+04 7.00323102e+04
 7.01130856e+04 7.01938611e+04 7.02746365e+04 7.03554120e+04
 7.04361874e+04 7.05169628e+04 7.05977383e+04 7.06785137e+04
 7.07592892e+04 7.08400646e+04 7.09208401e+04 7.10016155e+04
 7.10823910e+04 7.11631664e+04 7.12439418e+04 7.13247173e+04
 7.14054927e+04 7.14862682e+04 7.15670436e+04 7.16478191e+04
 7.17285945e+04 7.18093700e+04 7.18901454e+04 7.19709208e+04
 7.20516963e+04 7.21324717e+04 7.22132472e+04 7.22940226e+04
 7.23747981e+04 7.24555735e+04 7.25363489e+04 7.26171244e+04
 7.26978998e+04 7.27786753e+04 7.28594507e+04 7.29402262e+04
 7.30210016e+04 7.31017771e+04 7.31825525e+04 7.32633279e+04
 7.33441034e+04 7.34248788e+04 7.35056543e+04 7.35864297e+04
 7.36672052e+04 7.37479806e+04 7.38287561e+04 7.39095315e+04
 7.39903069e+04 7.40710824e+04 7.41518578e+04 7.42326333e+04
 7.43134087e+04 7.43941842e+04 7.44749596e+04 7.45557351e+04
 7.46365105e+04 7.47172859e+04 7.47980614e+04 7.48788368e+04
 7.49596123e+04 7.50403877e+04 7.51211632e+04 7.52019386e+04
 7.52827141e+04 7.53634895e+04 7.54442649e+04 7.55250404e+04
 7.56058158e+04 7.56865913e+04 7.57673667e+04 7.58481422e+04
 7.59289176e+04 7.60096931e+04 7.60904685e+04 7.61712439e+04
 7.62520194e+04 7.63327948e+04 7.64135703e+04 7.64943457e+04
 7.65751212e+04 7.66558966e+04 7.67366721e+04 7.68174475e+04
 7.68982229e+04 7.69789984e+04 7.70597738e+04 7.71405493e+04
 7.72213247e+04 7.73021002e+04 7.73828756e+04 7.74636511e+04
 7.75444265e+04 7.76252019e+04 7.77059774e+04 7.77867528e+04
 7.78675283e+04 7.79483037e+04 7.80290792e+04 7.81098546e+04
 7.81906300e+04 7.82714055e+04 7.83521809e+04 7.84329564e+04
 7.85137318e+04 7.85945073e+04 7.86752827e+04 7.87560582e+04
 7.88368336e+04 7.89176090e+04 7.89983845e+04 7.90791599e+04
 7.91599354e+04 7.92407108e+04 7.93214863e+04 7.94022617e+04
 7.94830372e+04 7.95638126e+04 7.96445880e+04 7.97253635e+04
 7.98061389e+04 7.98869144e+04 7.99676898e+04 8.00484653e+04
 8.01292407e+04 8.02100162e+04 8.02907916e+04 8.03715670e+04
 8.04523425e+04 8.05331179e+04 8.06138934e+04 8.06946688e+04
 8.07754443e+04 8.08562197e+04 8.09369952e+04 8.10177706e+04
 8.10985460e+04 8.11793215e+04 8.12600969e+04 8.13408724e+04
 8.14216478e+04 8.15024233e+04 8.15831987e+04 8.16639742e+04
 8.17447496e+04 8.18255250e+04 8.19063005e+04 8.19870759e+04
 8.20678514e+04 8.21486268e+04 8.22294023e+04 8.23101777e+04
 8.23909532e+04 8.24717286e+04 8.25525040e+04 8.26332795e+04
 8.27140549e+04 8.27948304e+04 8.28756058e+04 8.29563813e+04
 8.30371567e+04 8.31179321e+04 8.31987076e+04 8.32794830e+04
 8.33602585e+04 8.34410339e+04 8.35218094e+04 8.36025848e+04
 8.36833603e+04 8.37641357e+04 8.38449111e+04 8.39256866e+04
 8.40064620e+04 8.40872375e+04 8.41680129e+04 8.42487884e+04
 8.43295638e+04 8.44103393e+04 8.44911147e+04 8.45718901e+04
 8.46526656e+04 8.47334410e+04 8.48142165e+04 8.48949919e+04
 8.49757674e+04 8.50565428e+04 8.51373183e+04 8.52180937e+04
 8.52988691e+04 8.53796446e+04 8.54604200e+04 8.55411955e+04
 8.56219709e+04 8.57027464e+04 8.57835218e+04 8.58642973e+04
 8.59450727e+04 8.60258481e+04 8.61066236e+04 8.61873990e+04
 8.62681745e+04 8.63489499e+04 8.64297254e+04 8.65105008e+04
 8.65912763e+04 8.66720517e+04 8.67528271e+04 8.68336026e+04
 8.69143780e+04 8.69951535e+04 8.70759289e+04 8.71567044e+04
 8.72374798e+04 8.73182553e+04 8.73990307e+04 8.74798061e+04
 8.75605816e+04 8.76413570e+04 8.77221325e+04 8.78029079e+04
 8.78836834e+04 8.79644588e+04 8.80452342e+04 8.81260097e+04
 8.82067851e+04 8.82875606e+04 8.83683360e+04 8.84491115e+04
 8.85298869e+04 8.86106624e+04 8.86914378e+04 8.87722132e+04
 8.88529887e+04 8.89337641e+04 8.90145396e+04 8.90953150e+04
 8.91760905e+04 8.92568659e+04 8.93376414e+04 8.94184168e+04
 8.94991922e+04 8.95799677e+04 8.96607431e+04 8.97415186e+04
 8.98222940e+04 8.99030695e+04 8.99838449e+04 9.00646204e+04
 9.01453958e+04 9.02261712e+04 9.03069467e+04 9.03877221e+04
 9.04684976e+04 9.05492730e+04 9.06300485e+04 9.07108239e+04
 9.07915994e+04 9.08723748e+04 9.09531502e+04 9.10339257e+04
 9.11147011e+04 9.11954766e+04 9.12762520e+04 9.13570275e+04
 9.14378029e+04 9.15185784e+04 9.15993538e+04 9.16801292e+04
 9.17609047e+04 9.18416801e+04 9.19224556e+04 9.20032310e+04
 9.20840065e+04 9.21647819e+04 9.22455574e+04 9.23263328e+04
 9.24071082e+04 9.24878837e+04 9.25686591e+04 9.26494346e+04
 9.27302100e+04 9.28109855e+04 9.28917609e+04 9.29725363e+04
 9.30533118e+04 9.31340872e+04 9.32148627e+04 9.32956381e+04
 9.33764136e+04 9.34571890e+04 9.35379645e+04 9.36187399e+04
 9.36995153e+04 9.37802908e+04 9.38610662e+04 9.39418417e+04
 9.40226171e+04 9.41033926e+04 9.41841680e+04 9.42649435e+04
 9.43457189e+04 9.44264943e+04 9.45072698e+04 9.45880452e+04
 9.46688207e+04 9.47495961e+04 9.48303716e+04 9.49111470e+04
 9.49919225e+04 9.50726979e+04 9.51534733e+04 9.52342488e+04
 9.53150242e+04 9.53957997e+04 9.54765751e+04 9.55573506e+04
 9.56381260e+04 9.57189015e+04 9.57996769e+04 9.58804523e+04
 9.59612278e+04 9.60420032e+04 9.61227787e+04 9.62035541e+04
 9.62843296e+04 9.63651050e+04 9.64458805e+04 9.65266559e+04
 9.66074313e+04 9.66882068e+04 9.67689822e+04 9.68497577e+04
 9.69305331e+04 9.70113086e+04 9.70920840e+04 9.71728595e+04
 9.72536349e+04 9.73344103e+04 9.74151858e+04 9.74959612e+04
 9.75767367e+04 9.76575121e+04 9.77382876e+04 9.78190630e+04
 9.78998384e+04 9.79806139e+04 9.80613893e+04 9.81421648e+04
 9.82229402e+04 9.83037157e+04 9.83844911e+04 9.84652666e+04
 9.85460420e+04 9.86268174e+04 9.87075929e+04 9.87883683e+04
 9.88691438e+04 9.89499192e+04 9.90306947e+04 9.91114701e+04
 9.91922456e+04 9.92730210e+04 9.93537964e+04 9.94345719e+04
 9.95153473e+04 9.95961228e+04 9.96768982e+04 9.97576737e+04
 9.98384491e+04 9.99192246e+04 1.00000000e+05 1.00080775e+05
 1.00161551e+05 1.00242326e+05 1.00323102e+05 1.00403877e+05
 1.00484653e+05 1.00565428e+05 1.00646204e+05 1.00726979e+05
 1.00807754e+05 1.00888530e+05 1.00969305e+05 1.01050081e+05
 1.01130856e+05 1.01211632e+05 1.01292407e+05 1.01373183e+05
 1.01453958e+05 1.01534733e+05 1.01615509e+05 1.01696284e+05
 1.01777060e+05 1.01857835e+05 1.01938611e+05 1.02019386e+05
 1.02100162e+05 1.02180937e+05 1.02261712e+05 1.02342488e+05
 1.02423263e+05 1.02504039e+05 1.02584814e+05 1.02665590e+05
 1.02746365e+05 1.02827141e+05 1.02907916e+05 1.02988691e+05
 1.03069467e+05 1.03150242e+05 1.03231018e+05 1.03311793e+05
 1.03392569e+05 1.03473344e+05 1.03554120e+05 1.03634895e+05
 1.03715670e+05 1.03796446e+05 1.03877221e+05 1.03957997e+05
 1.04038772e+05 1.04119548e+05 1.04200323e+05 1.04281099e+05
 1.04361874e+05 1.04442649e+05 1.04523425e+05 1.04604200e+05
 1.04684976e+05 1.04765751e+05 1.04846527e+05 1.04927302e+05
 1.05008078e+05 1.05088853e+05 1.05169628e+05 1.05250404e+05
 1.05331179e+05 1.05411955e+05 1.05492730e+05 1.05573506e+05
 1.05654281e+05 1.05735057e+05 1.05815832e+05 1.05896607e+05
 1.05977383e+05 1.06058158e+05 1.06138934e+05 1.06219709e+05
 1.06300485e+05 1.06381260e+05 1.06462036e+05 1.06542811e+05
 1.06623586e+05 1.06704362e+05 1.06785137e+05 1.06865913e+05
 1.06946688e+05 1.07027464e+05 1.07108239e+05 1.07189015e+05
 1.07269790e+05 1.07350565e+05 1.07431341e+05 1.07512116e+05
 1.07592892e+05 1.07673667e+05 1.07754443e+05 1.07835218e+05
 1.07915994e+05 1.07996769e+05 1.08077544e+05 1.08158320e+05
 1.08239095e+05 1.08319871e+05 1.08400646e+05 1.08481422e+05
 1.08562197e+05 1.08642973e+05 1.08723748e+05 1.08804523e+05
 1.08885299e+05 1.08966074e+05 1.09046850e+05 1.09127625e+05
 1.09208401e+05 1.09289176e+05 1.09369952e+05 1.09450727e+05
 1.09531502e+05 1.09612278e+05 1.09693053e+05 1.09773829e+05
 1.09854604e+05 1.09935380e+05 1.10016155e+05 1.10096931e+05
 1.10177706e+05 1.10258481e+05 1.10339257e+05 1.10420032e+05
 1.10500808e+05 1.10581583e+05 1.10662359e+05 1.10743134e+05
 1.10823910e+05 1.10904685e+05 1.10985460e+05 1.11066236e+05
 1.11147011e+05 1.11227787e+05 1.11308562e+05 1.11389338e+05
 1.11470113e+05 1.11550889e+05 1.11631664e+05 1.11712439e+05
 1.11793215e+05 1.11873990e+05 1.11954766e+05 1.12035541e+05
 1.12116317e+05 1.12197092e+05 1.12277868e+05 1.12358643e+05
 1.12439418e+05 1.12520194e+05 1.12600969e+05 1.12681745e+05
 1.12762520e+05 1.12843296e+05 1.12924071e+05 1.13004847e+05
 1.13085622e+05 1.13166397e+05 1.13247173e+05 1.13327948e+05
 1.13408724e+05 1.13489499e+05 1.13570275e+05 1.13651050e+05
 1.13731826e+05 1.13812601e+05 1.13893376e+05 1.13974152e+05
 1.14054927e+05 1.14135703e+05 1.14216478e+05 1.14297254e+05
 1.14378029e+05 1.14458805e+05 1.14539580e+05 1.14620355e+05
 1.14701131e+05 1.14781906e+05 1.14862682e+05 1.14943457e+05
 1.15024233e+05 1.15105008e+05 1.15185784e+05 1.15266559e+05
 1.15347334e+05 1.15428110e+05 1.15508885e+05 1.15589661e+05
 1.15670436e+05 1.15751212e+05 1.15831987e+05 1.15912763e+05
 1.15993538e+05 1.16074313e+05 1.16155089e+05 1.16235864e+05
 1.16316640e+05 1.16397415e+05 1.16478191e+05 1.16558966e+05
 1.16639742e+05 1.16720517e+05 1.16801292e+05 1.16882068e+05
 1.16962843e+05 1.17043619e+05 1.17124394e+05 1.17205170e+05
 1.17285945e+05 1.17366721e+05 1.17447496e+05 1.17528271e+05
 1.17609047e+05 1.17689822e+05 1.17770598e+05 1.17851373e+05
 1.17932149e+05 1.18012924e+05 1.18093700e+05 1.18174475e+05
 1.18255250e+05 1.18336026e+05 1.18416801e+05 1.18497577e+05
 1.18578352e+05 1.18659128e+05 1.18739903e+05 1.18820679e+05
 1.18901454e+05 1.18982229e+05 1.19063005e+05 1.19143780e+05
 1.19224556e+05 1.19305331e+05 1.19386107e+05 1.19466882e+05
 1.19547658e+05 1.19628433e+05 1.19709208e+05 1.19789984e+05
 1.19870759e+05 1.19951535e+05 1.20032310e+05 1.20113086e+05
 1.20193861e+05 1.20274637e+05 1.20355412e+05 1.20436187e+05
 1.20516963e+05 1.20597738e+05 1.20678514e+05 1.20759289e+05
 1.20840065e+05 1.20920840e+05 1.21001616e+05 1.21082391e+05
 1.21163166e+05 1.21243942e+05 1.21324717e+05 1.21405493e+05
 1.21486268e+05 1.21567044e+05 1.21647819e+05 1.21728595e+05
 1.21809370e+05 1.21890145e+05 1.21970921e+05 1.22051696e+05
 1.22132472e+05 1.22213247e+05 1.22294023e+05 1.22374798e+05
 1.22455574e+05 1.22536349e+05 1.22617124e+05 1.22697900e+05
 1.22778675e+05 1.22859451e+05 1.22940226e+05 1.23021002e+05
 1.23101777e+05 1.23182553e+05 1.23263328e+05 1.23344103e+05
 1.23424879e+05 1.23505654e+05 1.23586430e+05 1.23667205e+05
 1.23747981e+05 1.23828756e+05 1.23909532e+05 1.23990307e+05
 1.24071082e+05 1.24151858e+05 1.24232633e+05 1.24313409e+05
 1.24394184e+05 1.24474960e+05 1.24555735e+05 1.24636511e+05
 1.24717286e+05 1.24798061e+05 1.24878837e+05 1.24959612e+05
 1.25040388e+05 1.25121163e+05 1.25201939e+05 1.25282714e+05
 1.25363489e+05 1.25444265e+05 1.25525040e+05 1.25605816e+05
 1.25686591e+05 1.25767367e+05 1.25848142e+05 1.25928918e+05
 1.26009693e+05 1.26090468e+05 1.26171244e+05 1.26252019e+05
 1.26332795e+05 1.26413570e+05 1.26494346e+05 1.26575121e+05
 1.26655897e+05 1.26736672e+05 1.26817447e+05 1.26898223e+05
 1.26978998e+05 1.27059774e+05 1.27140549e+05 1.27221325e+05
 1.27302100e+05 1.27382876e+05 1.27463651e+05 1.27544426e+05
 1.27625202e+05 1.27705977e+05 1.27786753e+05 1.27867528e+05
 1.27948304e+05 1.28029079e+05 1.28109855e+05 1.28190630e+05
 1.28271405e+05 1.28352181e+05 1.28432956e+05 1.28513732e+05
 1.28594507e+05 1.28675283e+05 1.28756058e+05 1.28836834e+05
 1.28917609e+05 1.28998384e+05 1.29079160e+05 1.29159935e+05
 1.29240711e+05 1.29321486e+05 1.29402262e+05 1.29483037e+05
 1.29563813e+05 1.29644588e+05 1.29725363e+05 1.29806139e+05
 1.29886914e+05 1.29967690e+05 1.30048465e+05 1.30129241e+05
 1.30210016e+05 1.30290792e+05 1.30371567e+05 1.30452342e+05
 1.30533118e+05 1.30613893e+05 1.30694669e+05 1.30775444e+05
 1.30856220e+05 1.30936995e+05 1.31017771e+05 1.31098546e+05
 1.31179321e+05 1.31260097e+05 1.31340872e+05 1.31421648e+05
 1.31502423e+05 1.31583199e+05 1.31663974e+05 1.31744750e+05
 1.31825525e+05 1.31906300e+05 1.31987076e+05 1.32067851e+05
 1.32148627e+05 1.32229402e+05 1.32310178e+05 1.32390953e+05
 1.32471729e+05 1.32552504e+05 1.32633279e+05 1.32714055e+05
 1.32794830e+05 1.32875606e+05 1.32956381e+05 1.33037157e+05
 1.33117932e+05 1.33198708e+05 1.33279483e+05 1.33360258e+05
 1.33441034e+05 1.33521809e+05 1.33602585e+05 1.33683360e+05
 1.33764136e+05 1.33844911e+05 1.33925687e+05 1.34006462e+05
 1.34087237e+05 1.34168013e+05 1.34248788e+05 1.34329564e+05
 1.34410339e+05 1.34491115e+05 1.34571890e+05 1.34652666e+05
 1.34733441e+05 1.34814216e+05 1.34894992e+05 1.34975767e+05
 1.35056543e+05 1.35137318e+05 1.35218094e+05 1.35298869e+05
 1.35379645e+05 1.35460420e+05 1.35541195e+05 1.35621971e+05
 1.35702746e+05 1.35783522e+05 1.35864297e+05 1.35945073e+05
 1.36025848e+05 1.36106624e+05 1.36187399e+05 1.36268174e+05
 1.36348950e+05 1.36429725e+05 1.36510501e+05 1.36591276e+05
 1.36672052e+05 1.36752827e+05 1.36833603e+05 1.36914378e+05
 1.36995153e+05 1.37075929e+05 1.37156704e+05 1.37237480e+05
 1.37318255e+05 1.37399031e+05 1.37479806e+05 1.37560582e+05
 1.37641357e+05 1.37722132e+05 1.37802908e+05 1.37883683e+05
 1.37964459e+05 1.38045234e+05 1.38126010e+05 1.38206785e+05
 1.38287561e+05 1.38368336e+05 1.38449111e+05 1.38529887e+05
 1.38610662e+05 1.38691438e+05 1.38772213e+05 1.38852989e+05
 1.38933764e+05 1.39014540e+05 1.39095315e+05 1.39176090e+05
 1.39256866e+05 1.39337641e+05 1.39418417e+05 1.39499192e+05
 1.39579968e+05 1.39660743e+05 1.39741519e+05 1.39822294e+05
 1.39903069e+05 1.39983845e+05 1.40064620e+05 1.40145396e+05
 1.40226171e+05 1.40306947e+05 1.40387722e+05 1.40468498e+05
 1.40549273e+05 1.40630048e+05 1.40710824e+05 1.40791599e+05
 1.40872375e+05 1.40953150e+05 1.41033926e+05 1.41114701e+05
 1.41195477e+05 1.41276252e+05 1.41357027e+05 1.41437803e+05
 1.41518578e+05 1.41599354e+05 1.41680129e+05 1.41760905e+05
 1.41841680e+05 1.41922456e+05 1.42003231e+05 1.42084006e+05
 1.42164782e+05 1.42245557e+05 1.42326333e+05 1.42407108e+05
 1.42487884e+05 1.42568659e+05 1.42649435e+05 1.42730210e+05
 1.42810985e+05 1.42891761e+05 1.42972536e+05 1.43053312e+05
 1.43134087e+05 1.43214863e+05 1.43295638e+05 1.43376414e+05
 1.43457189e+05 1.43537964e+05 1.43618740e+05 1.43699515e+05
 1.43780291e+05 1.43861066e+05 1.43941842e+05 1.44022617e+05
 1.44103393e+05 1.44184168e+05 1.44264943e+05 1.44345719e+05
 1.44426494e+05 1.44507270e+05 1.44588045e+05 1.44668821e+05
 1.44749596e+05 1.44830372e+05 1.44911147e+05 1.44991922e+05
 1.45072698e+05 1.45153473e+05 1.45234249e+05 1.45315024e+05
 1.45395800e+05 1.45476575e+05 1.45557351e+05 1.45638126e+05
 1.45718901e+05 1.45799677e+05 1.45880452e+05 1.45961228e+05
 1.46042003e+05 1.46122779e+05 1.46203554e+05 1.46284330e+05
 1.46365105e+05 1.46445880e+05 1.46526656e+05 1.46607431e+05
 1.46688207e+05 1.46768982e+05 1.46849758e+05 1.46930533e+05
 1.47011309e+05 1.47092084e+05 1.47172859e+05 1.47253635e+05
 1.47334410e+05 1.47415186e+05 1.47495961e+05 1.47576737e+05
 1.47657512e+05 1.47738288e+05 1.47819063e+05 1.47899838e+05
 1.47980614e+05 1.48061389e+05 1.48142165e+05 1.48222940e+05
 1.48303716e+05 1.48384491e+05 1.48465267e+05 1.48546042e+05
 1.48626817e+05 1.48707593e+05 1.48788368e+05 1.48869144e+05
 1.48949919e+05 1.49030695e+05 1.49111470e+05 1.49192246e+05
 1.49273021e+05 1.49353796e+05 1.49434572e+05 1.49515347e+05
 1.49596123e+05 1.49676898e+05 1.49757674e+05 1.49838449e+05
 1.49919225e+05 1.50000000e+05 1.50080775e+05 1.50161551e+05
 1.50242326e+05 1.50323102e+05 1.50403877e+05 1.50484653e+05
 1.50565428e+05 1.50646204e+05 1.50726979e+05 1.50807754e+05
 1.50888530e+05 1.50969305e+05 1.51050081e+05 1.51130856e+05
 1.51211632e+05 1.51292407e+05 1.51373183e+05 1.51453958e+05
 1.51534733e+05 1.51615509e+05 1.51696284e+05 1.51777060e+05
 1.51857835e+05 1.51938611e+05 1.52019386e+05 1.52100162e+05
 1.52180937e+05 1.52261712e+05 1.52342488e+05 1.52423263e+05
 1.52504039e+05 1.52584814e+05 1.52665590e+05 1.52746365e+05
 1.52827141e+05 1.52907916e+05 1.52988691e+05 1.53069467e+05
 1.53150242e+05 1.53231018e+05 1.53311793e+05 1.53392569e+05
 1.53473344e+05 1.53554120e+05 1.53634895e+05 1.53715670e+05
 1.53796446e+05 1.53877221e+05 1.53957997e+05 1.54038772e+05
 1.54119548e+05 1.54200323e+05 1.54281099e+05 1.54361874e+05
 1.54442649e+05 1.54523425e+05 1.54604200e+05 1.54684976e+05
 1.54765751e+05 1.54846527e+05 1.54927302e+05 1.55008078e+05
 1.55088853e+05 1.55169628e+05 1.55250404e+05 1.55331179e+05
 1.55411955e+05 1.55492730e+05 1.55573506e+05 1.55654281e+05
 1.55735057e+05 1.55815832e+05 1.55896607e+05 1.55977383e+05
 1.56058158e+05 1.56138934e+05 1.56219709e+05 1.56300485e+05
 1.56381260e+05 1.56462036e+05 1.56542811e+05 1.56623586e+05
 1.56704362e+05 1.56785137e+05 1.56865913e+05 1.56946688e+05
 1.57027464e+05 1.57108239e+05 1.57189015e+05 1.57269790e+05
 1.57350565e+05 1.57431341e+05 1.57512116e+05 1.57592892e+05
 1.57673667e+05 1.57754443e+05 1.57835218e+05 1.57915994e+05
 1.57996769e+05 1.58077544e+05 1.58158320e+05 1.58239095e+05
 1.58319871e+05 1.58400646e+05 1.58481422e+05 1.58562197e+05
 1.58642973e+05 1.58723748e+05 1.58804523e+05 1.58885299e+05
 1.58966074e+05 1.59046850e+05 1.59127625e+05 1.59208401e+05
 1.59289176e+05 1.59369952e+05 1.59450727e+05 1.59531502e+05
 1.59612278e+05 1.59693053e+05 1.59773829e+05 1.59854604e+05
 1.59935380e+05 1.60016155e+05 1.60096931e+05 1.60177706e+05
 1.60258481e+05 1.60339257e+05 1.60420032e+05 1.60500808e+05
 1.60581583e+05 1.60662359e+05 1.60743134e+05 1.60823910e+05
 1.60904685e+05 1.60985460e+05 1.61066236e+05 1.61147011e+05
 1.61227787e+05 1.61308562e+05 1.61389338e+05 1.61470113e+05
 1.61550889e+05 1.61631664e+05 1.61712439e+05 1.61793215e+05
 1.61873990e+05 1.61954766e+05 1.62035541e+05 1.62116317e+05
 1.62197092e+05 1.62277868e+05 1.62358643e+05 1.62439418e+05
 1.62520194e+05 1.62600969e+05 1.62681745e+05 1.62762520e+05
 1.62843296e+05 1.62924071e+05 1.63004847e+05 1.63085622e+05
 1.63166397e+05 1.63247173e+05 1.63327948e+05 1.63408724e+05
 1.63489499e+05 1.63570275e+05 1.63651050e+05 1.63731826e+05
 1.63812601e+05 1.63893376e+05 1.63974152e+05 1.64054927e+05
 1.64135703e+05 1.64216478e+05 1.64297254e+05 1.64378029e+05
 1.64458805e+05 1.64539580e+05 1.64620355e+05 1.64701131e+05
 1.64781906e+05 1.64862682e+05 1.64943457e+05 1.65024233e+05
 1.65105008e+05 1.65185784e+05 1.65266559e+05 1.65347334e+05
 1.65428110e+05 1.65508885e+05 1.65589661e+05 1.65670436e+05
 1.65751212e+05 1.65831987e+05 1.65912763e+05 1.65993538e+05
 1.66074313e+05 1.66155089e+05 1.66235864e+05 1.66316640e+05
 1.66397415e+05 1.66478191e+05 1.66558966e+05 1.66639742e+05
 1.66720517e+05 1.66801292e+05 1.66882068e+05 1.66962843e+05
 1.67043619e+05 1.67124394e+05 1.67205170e+05 1.67285945e+05
 1.67366721e+05 1.67447496e+05 1.67528271e+05 1.67609047e+05
 1.67689822e+05 1.67770598e+05 1.67851373e+05 1.67932149e+05
 1.68012924e+05 1.68093700e+05 1.68174475e+05 1.68255250e+05
 1.68336026e+05 1.68416801e+05 1.68497577e+05 1.68578352e+05
 1.68659128e+05 1.68739903e+05 1.68820679e+05 1.68901454e+05
 1.68982229e+05 1.69063005e+05 1.69143780e+05 1.69224556e+05
 1.69305331e+05 1.69386107e+05 1.69466882e+05 1.69547658e+05
 1.69628433e+05 1.69709208e+05 1.69789984e+05 1.69870759e+05
 1.69951535e+05 1.70032310e+05 1.70113086e+05 1.70193861e+05
 1.70274637e+05 1.70355412e+05 1.70436187e+05 1.70516963e+05
 1.70597738e+05 1.70678514e+05 1.70759289e+05 1.70840065e+05
 1.70920840e+05 1.71001616e+05 1.71082391e+05 1.71163166e+05
 1.71243942e+05 1.71324717e+05 1.71405493e+05 1.71486268e+05
 1.71567044e+05 1.71647819e+05 1.71728595e+05 1.71809370e+05
 1.71890145e+05 1.71970921e+05 1.72051696e+05 1.72132472e+05
 1.72213247e+05 1.72294023e+05 1.72374798e+05 1.72455574e+05
 1.72536349e+05 1.72617124e+05 1.72697900e+05 1.72778675e+05
 1.72859451e+05 1.72940226e+05 1.73021002e+05 1.73101777e+05
 1.73182553e+05 1.73263328e+05 1.73344103e+05 1.73424879e+05
 1.73505654e+05 1.73586430e+05 1.73667205e+05 1.73747981e+05
 1.73828756e+05 1.73909532e+05 1.73990307e+05 1.74071082e+05
 1.74151858e+05 1.74232633e+05 1.74313409e+05 1.74394184e+05
 1.74474960e+05 1.74555735e+05 1.74636511e+05 1.74717286e+05
 1.74798061e+05 1.74878837e+05 1.74959612e+05 1.75040388e+05
 1.75121163e+05 1.75201939e+05 1.75282714e+05 1.75363489e+05
 1.75444265e+05 1.75525040e+05 1.75605816e+05 1.75686591e+05
 1.75767367e+05 1.75848142e+05 1.75928918e+05 1.76009693e+05
 1.76090468e+05 1.76171244e+05 1.76252019e+05 1.76332795e+05
 1.76413570e+05 1.76494346e+05 1.76575121e+05 1.76655897e+05
 1.76736672e+05 1.76817447e+05 1.76898223e+05 1.76978998e+05
 1.77059774e+05 1.77140549e+05 1.77221325e+05 1.77302100e+05
 1.77382876e+05 1.77463651e+05 1.77544426e+05 1.77625202e+05
 1.77705977e+05 1.77786753e+05 1.77867528e+05 1.77948304e+05
 1.78029079e+05 1.78109855e+05 1.78190630e+05 1.78271405e+05
 1.78352181e+05 1.78432956e+05 1.78513732e+05 1.78594507e+05
 1.78675283e+05 1.78756058e+05 1.78836834e+05 1.78917609e+05
 1.78998384e+05 1.79079160e+05 1.79159935e+05 1.79240711e+05
 1.79321486e+05 1.79402262e+05 1.79483037e+05 1.79563813e+05
 1.79644588e+05 1.79725363e+05 1.79806139e+05 1.79886914e+05
 1.79967690e+05 1.80048465e+05 1.80129241e+05 1.80210016e+05
 1.80290792e+05 1.80371567e+05 1.80452342e+05 1.80533118e+05
 1.80613893e+05 1.80694669e+05 1.80775444e+05 1.80856220e+05
 1.80936995e+05 1.81017771e+05 1.81098546e+05 1.81179321e+05
 1.81260097e+05 1.81340872e+05 1.81421648e+05 1.81502423e+05
 1.81583199e+05 1.81663974e+05 1.81744750e+05 1.81825525e+05
 1.81906300e+05 1.81987076e+05 1.82067851e+05 1.82148627e+05
 1.82229402e+05 1.82310178e+05 1.82390953e+05 1.82471729e+05
 1.82552504e+05 1.82633279e+05 1.82714055e+05 1.82794830e+05
 1.82875606e+05 1.82956381e+05 1.83037157e+05 1.83117932e+05
 1.83198708e+05 1.83279483e+05 1.83360258e+05 1.83441034e+05
 1.83521809e+05 1.83602585e+05 1.83683360e+05 1.83764136e+05
 1.83844911e+05 1.83925687e+05 1.84006462e+05 1.84087237e+05
 1.84168013e+05 1.84248788e+05 1.84329564e+05 1.84410339e+05
 1.84491115e+05 1.84571890e+05 1.84652666e+05 1.84733441e+05
 1.84814216e+05 1.84894992e+05 1.84975767e+05 1.85056543e+05
 1.85137318e+05 1.85218094e+05 1.85298869e+05 1.85379645e+05
 1.85460420e+05 1.85541195e+05 1.85621971e+05 1.85702746e+05
 1.85783522e+05 1.85864297e+05 1.85945073e+05 1.86025848e+05
 1.86106624e+05 1.86187399e+05 1.86268174e+05 1.86348950e+05
 1.86429725e+05 1.86510501e+05 1.86591276e+05 1.86672052e+05
 1.86752827e+05 1.86833603e+05 1.86914378e+05 1.86995153e+05
 1.87075929e+05 1.87156704e+05 1.87237480e+05 1.87318255e+05
 1.87399031e+05 1.87479806e+05 1.87560582e+05 1.87641357e+05
 1.87722132e+05 1.87802908e+05 1.87883683e+05 1.87964459e+05
 1.88045234e+05 1.88126010e+05 1.88206785e+05 1.88287561e+05
 1.88368336e+05 1.88449111e+05 1.88529887e+05 1.88610662e+05
 1.88691438e+05 1.88772213e+05 1.88852989e+05 1.88933764e+05
 1.89014540e+05 1.89095315e+05 1.89176090e+05 1.89256866e+05
 1.89337641e+05 1.89418417e+05 1.89499192e+05 1.89579968e+05
 1.89660743e+05 1.89741519e+05 1.89822294e+05 1.89903069e+05
 1.89983845e+05 1.90064620e+05 1.90145396e+05 1.90226171e+05
 1.90306947e+05 1.90387722e+05 1.90468498e+05 1.90549273e+05
 1.90630048e+05 1.90710824e+05 1.90791599e+05 1.90872375e+05
 1.90953150e+05 1.91033926e+05 1.91114701e+05 1.91195477e+05
 1.91276252e+05 1.91357027e+05 1.91437803e+05 1.91518578e+05
 1.91599354e+05 1.91680129e+05 1.91760905e+05 1.91841680e+05
 1.91922456e+05 1.92003231e+05 1.92084006e+05 1.92164782e+05
 1.92245557e+05 1.92326333e+05 1.92407108e+05 1.92487884e+05
 1.92568659e+05 1.92649435e+05 1.92730210e+05 1.92810985e+05
 1.92891761e+05 1.92972536e+05 1.93053312e+05 1.93134087e+05
 1.93214863e+05 1.93295638e+05 1.93376414e+05 1.93457189e+05
 1.93537964e+05 1.93618740e+05 1.93699515e+05 1.93780291e+05
 1.93861066e+05 1.93941842e+05 1.94022617e+05 1.94103393e+05
 1.94184168e+05 1.94264943e+05 1.94345719e+05 1.94426494e+05
 1.94507270e+05 1.94588045e+05 1.94668821e+05 1.94749596e+05
 1.94830372e+05 1.94911147e+05 1.94991922e+05 1.95072698e+05
 1.95153473e+05 1.95234249e+05 1.95315024e+05 1.95395800e+05
 1.95476575e+05 1.95557351e+05 1.95638126e+05 1.95718901e+05
 1.95799677e+05 1.95880452e+05 1.95961228e+05 1.96042003e+05
 1.96122779e+05 1.96203554e+05 1.96284330e+05 1.96365105e+05
 1.96445880e+05 1.96526656e+05 1.96607431e+05 1.96688207e+05
 1.96768982e+05 1.96849758e+05 1.96930533e+05 1.97011309e+05
 1.97092084e+05 1.97172859e+05 1.97253635e+05 1.97334410e+05
 1.97415186e+05 1.97495961e+05 1.97576737e+05 1.97657512e+05
 1.97738288e+05 1.97819063e+05 1.97899838e+05 1.97980614e+05
 1.98061389e+05 1.98142165e+05 1.98222940e+05 1.98303716e+05
 1.98384491e+05 1.98465267e+05 1.98546042e+05 1.98626817e+05
 1.98707593e+05 1.98788368e+05 1.98869144e+05 1.98949919e+05
 1.99030695e+05 1.99111470e+05 1.99192246e+05 1.99273021e+05
 1.99353796e+05 1.99434572e+05 1.99515347e+05 1.99596123e+05
 1.99676898e+05 1.99757674e+05 1.99838449e+05 1.99919225e+05]